15.000000 0.5190094724E+02
16.309506 0.1996938023E+02
18.920888 0.1730861124E+02
22.113344 0.9933619348E+01
25.514702 0.6098048795E+01
30.248967 0.4552079350E+01
36.715120 0.3427400174E+01
43.988635 0.2568767551E+01
49.436828 0.2203456371E+01
57.201399 0.1827507489E+01
69.079664 0.1481376300E+01
80.523289 0.1291554919E+01
91.038453 0.1149363470E+01
103.397292 0.1005925199E+01
120.577776 0.8446007554E+00
140.192724 0.7178141270E+00
160.199875 0.6443682708E+00
183.523840 0.5790247561E+00
209.248656 0.5082425497E+00
241.089195 0.4304602508E+00
277.064974 0.3663287184E+00
316.235672 0.3276457527E+00
357.366758 0.2979036598E+00
408.480110 0.2629768964E+00
467.883533 0.2253288325E+00
536.307747 0.1918390551E+00
611.545583 0.1693752567E+00
692.249955 0.1539380694E+00
784.964967 0.1379214965E+00
893.648701 0.1200119482E+00
1019.069674 0.1021928011E+00
