63.000000 0.2038444566E+02
70.943640 0.5077283583E+01
82.079230 0.1346917553E+01
101.513546 0.5130176096E+00
124.551194 0.1303333564E+00
150.229824 0.4918524599E-01
178.977652 0.1209567138E-01
206.942021 0.6628163289E-02
238.799079 0.3751366265E-02
275.290755 0.1523670687E-02
314.364438 0.7419013209E-03
357.738731 0.5065541407E-03
410.347414 0.3401246759E-03
469.187596 0.2016109637E-03
538.175622 0.9516879603E-04
613.919376 0.4797366883E-04
697.240991 0.3352915574E-04
793.161396 0.2292638053E-04
906.060153 0.1392153513E-04
1036.602624 0.7107533220E-05
