31.000000 0.3145011493E+02
34.365681 0.1169240247E+02
40.112342 0.6174215492E+01
48.010416 0.2684295773E+01
57.766772 0.1494130828E+01
68.651293 0.8021969081E+00
81.049368 0.5301694619E+00
94.239058 0.3549095115E+00
107.893466 0.2338386779E+00
125.191853 0.1733804437E+00
144.322555 0.1348036314E+00
166.916147 0.1009150399E+00
190.811425 0.7199150277E-01
219.228192 0.5215083817E-01
249.104396 0.4179156119E-01
284.501318 0.3323939874E-01
325.792879 0.2572184602E-01
375.586208 0.1874749827E-01
430.359152 0.1353335148E-01
489.629452 0.1077823959E-01
558.183662 0.8589257935E-02
636.905802 0.6700582437E-02
727.019257 0.5012585695E-02
832.695022 0.3626072613E-02
949.672049 0.2872554481E-02
1078.877658 0.2304510507E-02
