9.000000 0.4041935092E+02
19.000000 0.2986599229E+02
29.000000 0.1732242367E+02
39.000000 0.1261530147E+02
49.000000 0.1036431293E+02
59.000000 0.8893447130E+01
69.000000 0.7797711144E+01
79.000000 0.6936906808E+01
89.000000 0.6353356979E+01
99.000000 0.5674849825E+01
199.000000 0.2998797054E+01
299.000000 0.2029918559E+01
399.000000 0.1529968835E+01
499.000000 0.1226867784E+01
599.000000 0.1023737140E+01
699.000000 0.8781937571E+00
799.000000 0.7688224938E+00
899.000000 0.6836444254E+00
999.000000 0.6154392535E+00
1999.000000 0.3079755907E+00
